1 59630 4437
2 61090 3777
3 1707 5223
4 23426 4781
5 8296 3391
6 16360 4257
7 28263 3666
8 42613 3738
9 43109 4309
10 40746 3567
11 55065 5078
12 13599 3333
13 7450 4531
14 28352 4126
15 50629 4754
16 10864 4324
17 61384 4644
18 44876 5061
19 46624 3474
20 24815 5289
21 33243 5401
22 33330 4576
23 4060 5365
24 26366 3591
25 22602 4062
26 51348 3398
27 31840 5424
28 1748 3704
29 51033 3412
30 31015 3470
31 61141 3983
32 17081 4595
33 10023 3372
34 63631 4749
35 19126 4846
36 55721 3953
37 17977 3730
38 34261 3336
39 25598 3958
40 26635 4799
41 59366 3829
42 9730 3347
43 38546 4831
44 35846 4905
45 43250 4114
46 59281 5191
47 26892 5192
48 7261 4740
49 42362 3653
50 22549 3884
51 39390 4754
52 64642 4138
53 45014 4446
54 39926 3947
55 5179 4869
56 59431 4779
57 20679 3785
58 49657 4848
59 40163 4446
60 13350 3434
61 42437 4301
62 10667 4732
63 36259 4206
64 31318 4085
65 33570 4623
66 42380 4351
67 45248 5425
68 29030 4860
69 1029 3835
70 59260 3834
71 48239 3944
72 53640 4123
73 27435 4887
74 16238 4518
75 4328 3766
76 39497 3274
77 25543 3638
78 16925 5387
79 12871 3502
80 54700 5117
81 21145 4530
82 3868 3715
83 33324 3700
84 36889 5082
85 64477 3824
86 41770 3576
87 31629 4564
88 11380 3474
89 19313 5367
90 60790 3551
91 9678 3733
92 32567 5097
93 35083 4764
94 48102 3896
95 6895 5154
96 45854 5009
97 45855 4238
98 1109 5183
99 22301 5204
100 58754 4762
101 40848 4630
102 38446 4362
103 38574 5021
104 10279 5129
105 55813 4190
106 55679 3322
107 51739 4235
108 43494 4336
109 33873 5383
110 28204 4729
111 7745 4433
112 44865 4253
113 48616 4314
114 49070 3930
115 49587 3794
116 49005 4189
117 19505 4431
118 30524 5013
119 61111 5057
120 64055 3676
121 58832 5328
122 8194 3265
123 21485 3604
124 61063 5445
125 8210 4591
126 52884 4655
127 15467 4467
128 33061 4837
129 3531 4978
130 11892 5123
131 53940 5229
132 32465 4981
133 41985 4710
134 32286 3639
135 2167 5376
136 21630 4057
137 61726 5269
138 15291 5305
139 4014 5217
140 7177 3769
141 8206 4083
142 4628 4832
143 59517 4032
144 45951 4111
145 8550 4581
146 30523 4905
147 53637 5076
148 61585 4219
149 10563 4166
150 25548 4750
151 26425 3962
152 45427 3374
153 63762 4375
154 4954 5399
155 61786 4929
156 36888 3946
157 10584 3596
158 23625 4704
159 17486 4647
160 54348 4415
161 55258 4570
162 57053 4843
163 13992 3792
164 60617 4459
165 50047 4179
166 4352 3975
167 31216 3841
168 14110 3425
169 63377 5342
170 34237 4558
171 43066 5008
172 45485 4860
173 13541 5002
174 15697 4006
175 36558 4438
176 23282 3949
177 51179 4183
178 52203 4145
179 43192 5299
180 31885 5247
181 28503 3543
182 47945 4662
183 23241 4944
184 28785 4258
185 57258 3912
186 46240 4152
187 21792 4668
188 37385 3713
189 19607 3702
190 48661 5063
191 34032 4360
192 1259 3277
193 45492 5269
194 10395 3358
195 48107 3486
196 17967 3333
197 55504 5345
198 12456 4691
199 8525 5303
200 40244 3413